Plate ID	Replicate	Male	D1 count	D2 count	D3 count	D4 count	D5 count	D6 count	D7 count	Total	Censor	m1.geno
A1	1	JT11398	NA	NA	NA	NA	NA	NA	NA	0	1	minus
A2	1	JT11398	33	102	125	22	0	0	0	282	0	minus
A3	1	JT11398	NA	NA	NA	NA	NA	NA	NA	0	1	minus
A4	1	JT11398	NA	NA	NA	NA	NA	NA	NA	0	1	minus
A5	1	JT11398	33	106	31	0	0	0	0	170	0	minus
A6	1	JT11398	32	122	117	85	49	20	NA	425	1	minus
A7	1	JT11398	NA	NA	NA	NA	NA	NA	NA	0	1	minus
A8	1	JT11398	33	107	133	109	49	20	13	464	0	minus
A9	1	JT11398	NA	NA	NA	NA	NA	NA	NA	0	1	minus
A10	1	JT11398	50	111	62	50	7	1	0	281	0	minus
A11	1	JT11398	47	97	10	0	0	0	0	154	0	minus
A12	1	JT11398	33	12	NA	NA	NA	NA	NA	45	1	minus
A13	1	JT11398	29	16	0	0	0	0	0	45	0	minus
A14	1	JT11398	47	49	0	0	0	0	0	96	0	minus
A15	1	JT11398	41	38	72	65	63	19	2	300	0	minus
A16	1	JT11398	39	84	49	29	0	0	0	201	0	minus
A17	1	JT11398	50	104	12	0	0	0	0	166	0	minus
A18	1	JT11398	37	118	130	41	27	14	9	376	0	minus
A19	1	JT11398	45	44	10	0	1	0	0	100	0	minus
A20	1	JT11398	52	96	1	0	0	0	0	149	0	minus
B1	1	JU346	48	119	130	108	84	42	23	554	0	plus
B2	1	JU346	NA	NA	NA	NA	NA	NA	NA	0	1	plus
B3	1	JU346	NA	NA	NA	NA	NA	NA	NA	0	1	plus
B4	1	JU346	25	98	124	90	31	9	13	390	0	plus
B5	1	JU346	40	110	111	101	38	23	NA	423	1	plus
B6	1	JU346	NA	NA	NA	NA	 NA	NA	NA	0	1	plus
B7	1	JU346	12	67	30	15	0	0	0	124	0	plus
B8	1	JU346	4	59	110	82	70	43	33	401	0	plus
B9	1	JU346	NA	NA	NA	NA	NA	NA	NA	0	1	plus
B10	1	JU346	13	121	148	108	47	16	6	459	0	plus
B11	1	JU346	16	120	96	23	6	2	0	263	0	plus
B12	1	JU346	NA	NA	NA	NA	NA	NA	NA	0	1	plus
B13	1	JU346	NA	NA	NA	NA	NA	NA	NA	0	1	plus
B14	1	JU346	39	108	140	85	53	22	17	464	0	plus
B15	1	JU346	29	91	124	35	2	0	0	281	0	plus
B16	1	JU346	32	103	132	50	6	0	0	323	0	plus
B17	1	JU346	27	50	NA	NA	NA	NA	NA	77	1	plus
B18	1	JU346	NA	NA	NA	NA	NA	NA	NA	0	1	plus
B19	1	JU346	46	105	107	83	43	4	0	388	0	plus
B20	1	JU346	NA	NA	NA	NA	NA	NA	NA	0	1	plus
A1	1	MY920	46	130	155	102	32	56	38	559	0	minus
A2	1	MY920	25	119	157	111	14	3	7	436	1	minus
A3	1	MY920	50	124	25	0	0	0	0	199	0	minus
A4	1	MY920	14	18	0	0	0	0	0	32	0	minus
A5	1	MY920	42	56	80	34	2	0	0	214	0	minus
A6	1	MY920	15	100	84	43	10	7	0	259	0	minus
A7	1	MY920	47	126	152	98	63	58	18	562	0	minus
A8	1	MY920	NA	NA	NA	NA	NA	NA	NA	0	1	minus
A9	1	MY920	35	130	136	51	4	26	0	382	0	minus
A10	1	MY920	NA	NA	NA	NA	NA	NA	NA	0	1	minus
A11	1	MY920	NA	NA	NA	NA	NA	NA	NA	0	1	minus
A12	1	MY920	56	110	147	47	16	11	19	406	1	minus
A13	1	MY920	53	121	147	68	42	62	29	522	0	minus
A14	1	MY920	39	122	116	22	NA	NA	NA	299	1	minus
A15	1	MY920	NA	NA	NA	NA	NA	NA	NA	0	1	minus
A16	1	MY920	1	115	136	129	60	55	13	509	0	minus
A17	1	MY920	1	89	42	37	12	5	3	189	0	minus
A18	1	MY920	18	126	165	83	43	20	0	455	0	minus
A19	1	MY920	NA	NA	NA	NA	NA	NA	NA	0	1	minus
A20	1	MY920	20	104	157	128	43	42	18	512	1	minus
B1	1	ED3017	43	103	147	140	52	49	25	559	0	plus
B2	1	ED3017	14	75	140	157	120	NA	NA	506	1	plus
B3	1	ED3017	2	77	136	25	0	0	2	242	0	plus
B4	1	ED3017	NA	NA	NA	NA	NA	NA	NA	0	1	plus
B5	1	ED3017	53	82	53	1	0	0	0	189	0	plus
B6	1	ED3017	NA	NA	NA	NA	NA	NA	NA	0	1	plus
B7	1	ED3017	38	102	165	134	33	41	26	539	1	plus
B8	1	ED3017	13	89	150	126	68	72	37	555	1	plus
B9	1	ED3017	26	88	133	113	32	46	21	459	0	plus
B10	1	ED3017	15	12	NA	NA	NA	NA	NA	27	1	plus
B11	1	ED3017	21	45	73	68	35	40	2	284	0	plus
B12	1	ED3017	5	72	17	NA	NA	NA	NA	94	1	plus
B13	1	ED3017	16	75	123	80	24	58	49	425	0	plus
B14	1	ED3017	14	90	120	103	58	56	59	500	1	plus
B15	1	ED3017	7	79	136	129	36	20	10	417	1	plus
B16	1	ED3017	NA	NA	NA	NA	NA	NA	NA	0	1	plus
B17	1	ED3017	17	92	125	99	39	33	5	410	1	plus
B18	1	ED3017	NA	NA	NA	NA	NA	NA	NA	0	1	plus
B19	1	ED3017	NA	NA	NA	NA	NA	NA	NA	0	1	plus
B20	1	ED3017	18	80	124	95	40	19	4	380	1	plus
A1	1	EG4725	35	143	86	10	0	0	0	274	0	plus
A2	1	EG4725	57	131	157	79	19	5	0	448	1	plus
A3	1	EG4725	50	127	145	115	124	45	11	617	1	plus
A4	1	EG4725	44	38	138	120	50	8	0	398	0	plus
A5	1	EG4725	45	54	45	2	0	0	0	146	0	plus
A6	1	EG4725	46	117	116	15	0	0	0	294	0	plus
A7	1	EG4725	58	127	173	62	20	NA	NA	440	1	plus
A8	1	EG4725	36	122	152	104	20	19	0	453	0	plus
A9	1	EG4725	3	128	21	0	0	0	0	152	0	plus
A10	1	EG4725	20	138	132	96	44	10	NA	440	1	plus
A11	1	EG4725	43	114	154	113	78	28	24	554	1	plus
A12	1	EG4725	49	108	116	90	86	10	20	479	1	plus
A13	1	EG4725	37	145	156	60	45	15	6	464	1	plus
A14	1	EG4725	33	134	161	70	23	10	4	435	1	plus
A15	1	EG4725	47	107	164	64	24	4	2	412	1	plus
A16	1	EG4725	3	48	99	113	61	0	0	324	0	plus
A17	1	EG4725	55	128	100	9	0	0	0	292	0	plus
A18	1	EG4725	53	116	151	108	75	59	14	576	0	plus
A19	1	EG4725	6	88	46	16	NA	NA	NA	156	1	plus
A20	1	EG4725	26	146	34	2	0	0	0	208	0	plus
B1	1	NIC266	27	124	163	39	16	9	3	381	0	minus
B2	1	NIC266	22	125	14	0	0	0	0	161	0	minus
B3	1	NIC266	39	129	43	1	0	0	0	212	0	minus
B4	1	NIC266	41	136	146	75	23	27	11	459	1	minus
B5	1	NIC266	52	119	81	24	1	0	0	277	0	minus
B6	1	NIC266	37	131	120	32	3	0	0	323	0	minus
B7	1	NIC266	17	102	127	27	0	0	0	273	0	minus
B8	1	NIC266	47	NA	NA	NA	NA	NA	NA	47	1	minus
B9	1	NIC266	42	133	155	49	35	22	14	450	1	minus
B10	1	NIC266	44	129	160	74	34	15	1	457	1	minus
B11	1	NIC266	50	127	133	88	17	13	NA	428	1	minus
B12	1	NIC266	45	118	34	0	0	0	0	197	0	minus
B13	1	NIC266	33	130	101	108	73	23	12	480	1	minus
B14	1	NIC266	32	126	152	140	100	39	18	607	1	minus
B15	1	NIC266	63	122	131	87	37	15	NA	455	1	minus
B16	1	NIC266	1	12	0	0	0	0	0	13	0	minus
B17	1	NIC266	17	141	162	111	41	14	18	504	1	minus
B18	1	NIC266	NA	NA	NA	NA	NA	NA	NA	0	1	minus
B19	1	NIC266	45	119	174	87	17	NA	NA	442	1	minus
B20	1	NIC266	33	115	151	126	62	33	NA	520	1	minus
A1	2	JT11398	17	128	150	136	56	3	0	490	0	minus
A2	2	JT11398	19	3	0	0	0	0	0	22	0	minus
A3	2	JT11398	8	115	28	0	0	0	0	151	0	minus
A4	2	JT11398	72	154	100	5	0	0	0	331	0	minus
A5	2	JT11398	17	120	151	151	120	50	20	629	1	minus
A6	2	JT11398	NA	NA	NA	NA	NA	NA	NA	0	1	minus
A7	2	JT11398	8	122	162	92	7	0	0	391	0	minus
A8	2	JT11398	1	0	0	0	0	0	0	1	0	minus
A9	2	JT11398	36	103	114	84	38	3	0	378	0	minus
A10	2	JT11398	20	113	167	163	76	0	NA	539	1	minus
A11	2	JT11398	19	107	8	3	0	0	0	137	0	minus
A12	2	JT11398	33	131	134	119	75	34	21	547	1	minus
A13	2	JT11398	66	135	139	75	19	45	6	485	1	minus
A14	2	JT11398	69	73	2	0	0	0	0	144	0	minus
A15	2	JT11398	NA	NA	NA	NA	NA	NA	NA	0	1	minus
A16	2	JT11398	NA	NA	NA	NA	NA	NA	NA	0	1	minus
A17	2	JT11398	33	116	143	124	92	40	32	580	1	minus
A18	2	JT11398	37	23	0	0	0	0	0	60	0	minus
A19	2	JT11398	0	1	0	0	NA	NA	NA	1	0	minus
A20	2	JT11398	3	1	0	0	0	0	0	4	0	minus
B1	2	JU346	66	139	152	84	20	7	2	470	1	plus
B2	2	JU346	15	132	153	86	50	22	10	468	1	plus
B3	2	JU346	NA	NA	NA	NA	NA	NA	NA	0	1	plus
B4	2	JU346	20	120	128	78	48	14	2	410	1	plus
B5	2	JU346	80	18	164	131	46	5	0	444	0	plus
B6	2	JU346	NA	NA	NA	NA	NA	NA	NA	0	1	plus
B7	2	JU346	5	136	157	95	13	0	0	406	0	plus
B8	2	JU346	NA	NA	NA	NA	NA	NA	NA	0	1	plus
B9	2	JU346	9	94	37	0	0	0	0	140	0	plus
B10	2	JU346	5	101	148	29	0	0	0	283	0	plus
B11	2	JU346	NA	NA	NA	NA	NA	NA	NA	0	1	plus
B12	2	JU346	10	127	135	93	59	14	0	438	0	plus
B13	2	JU346	11	111	103	77	23	1	0	326	0	plus
B14	2	JU346	NA	NA	NA	NA	NA	NA	NA	0	1	plus
B15	2	JU346	19	121	163	151	62	21	12	549	0	plus
B16	2	JU346	16	79	1	0	0	0	0	96	0	plus
B17	2	JU346	9	108	159	156	84	15	0	531	0	plus
B18	2	JU346	72	23	150	128	69	23	24	489	1	plus
B19	2	JU346	5	3	0	NA	NA	NA	NA	8	1	plus
B20	2	JU346	1	134	89	5	0	0	0	229	0	plus
A1	2	MY920	17	108	109	56	3	0	0	293	0	minus
A2	2	MY920	40	120	37	1	0	0	0	198	0	minus
A3	2	MY920	NA	NA	NA	NA	NA	NA	NA	0	1	minus
A4	2	MY920	NA	NA	NA	NA	NA	NA	NA	0	1	minus
A5	2	MY920	18	128	148	93	4	0	0	391	0	minus
A6	2	MY920	2	117	126	12	0	0	0	257	0	minus
A7	2	MY920	13	130	130	116	6	0	0	395	0	minus
A8	2	MY920	50	130	124	40	3	0	0	347	0	minus
A9	2	MY920	46	32	0	0	0	0	0	78	0	minus
A10	2	MY920	39	123	130	156	68	26	17	559	0	minus
A11	2	MY920	11	110	122	60	6	0	0	309	0	minus
A12	2	MY920	26	121	90	16	0	0	0	253	0	minus
A13	2	MY920	16	42	1	0	0	0	0	59	0	minus
A14	2	MY920	26	119	99	0	0	0	0	244	0	minus
A15	2	MY920	2	0	0	0	0	0	0	2	0	minus
A16	2	MY920	19	118	146	146	8	12	NA	449	1	minus
A17	2	MY920	42	127	44	1	0	0	0	214	0	minus
A18	2	MY920	NA	NA	NA	NA	NA	NA	NA	0	1	minus
A19	2	MY920	31	99	65	3	0	0	0	198	0	minus
A20	2	MY920	43	82	119	77	57	14	15	407	0	minus
B1	2	ED3017	57	125	148	135	67	9	13	554	1	plus
B2	2	ED3017	11	119	131	112	78	36	6	493	1	plus
B3	2	ED3017	9	86	112	137	100	33	1	478	1	plus
B4	2	ED3017	19	116	149	136	75	7	0	502	0	plus
B5	2	ED3017	24	113	117	133	106	57	25	575	1	plus
B6	2	ED3017	29	95	117	87	38	19	9	394	0	plus
B7	2	ED3017	16	103	146	131	95	47	11	549	1	plus
B8	2	ED3017	48	88	132	127	78	37	20	530	1	plus
B9	2	ED3017	20	112	154	117	84	NA	NA	487	1	plus
B10	2	ED3017	39	106	138	114	53	21	15	486	1	plus
B11	2	ED3017	54	97	122	98	88	32	1	492	1	plus
B12	2	ED3017	19	97	139	113	64	18	9	459	0	plus
B13	2	ED3017	32	120	128	105	83	13	4	485	1	plus
B14	2	ED3017	NA	NA	NA	NA	NA	NA	NA	0	1	plus
B15	2	ED3017	29	107	133	121	62	25	16	493	1	plus
B16	2	ED3017	30	110	131	118	85	20	13	507	1	plus
B17	2	ED3017	11	45	145	69	46	29	5	350	0	plus
B18	2	ED3017	17	121	125	116	108	31	23	541	0	plus
B19	2	ED3017	16	89	148	112	69	51	13	498	1	plus
B20	2	ED3017	8	100	117	17	0	0	0	242	0	plus
A1	2	EG4725	27	104	143	116	82	23	17	512	0	plus
A2	2	EG4725	25	104	133	116	67	39	25	509	0	plus
A3	2	EG4725	20	110	50	7	0	0	0	187	0	plus
A4	2	EG4725	17	121	68	2	0	0	0	208	0	plus
A5	2	EG4725	28	115	160	132	26	10	10	481	0	plus
A6	2	EG4725	30	101	18	0	0	0	0	149	0	plus
A7	2	EG4725	33	114	134	33	0	0	0	314	0	plus
A8	2	EG4725	9	106	136	57	19	10	NA	337	1	plus
A9	2	EG4725	42	113	137	126	32	11	6	467	0	plus
A10	2	EG4725	40	104	121	81	36	NA	NA	382	1	plus
A11	2	EG4725	25	116	140	94	6	12	NA	393	1	plus
A12	2	EG4725	39	116	155	105	58	10	12	495	0	plus
A13	2	EG4725	39	102	159	83	27	1	0	411	0	plus
A14	2	EG4725	39	82	143	130	57	29	25	505	0	plus
A15	2	EG4725	40	97	150	100	23	10	9	429	0	plus
A16	2	EG4725	43	123	151	161	NA	NA	NA	478	1	plus
A17	2	EG4725	15	112	136	75	33	18	4	393	0	plus
A18	2	EG4725	28	91	130	96	15	0	0	360	0	plus
A19	2	EG4725	27	103	124	63	1	0	0	318	0	plus
A20	2	EG4725	8	121	147	92	2	0	0	370	0	plus
B1	2	NIC266	31	115	130	110	32	29	28	475	1	minus
B2	2	NIC266	35	108	152	104	60	27	13	499	1	minus
B3	2	NIC266	8	81	77	NA	NA	NA	NA	166	1	minus
B4	2	NIC266	36	111	143	83	32	18	12	435	0	minus
B5	2	NIC266	38	124	123	117	74	48	NA	524	1	minus
B6	2	NIC266	17	123	132	46	13	10	NA	341	1	minus
B7	2	NIC266	32	83	124	115	79	18	5	456	0	minus
B8	2	NIC266	28	99	106	120	69	52	26	500	1	minus
B9	2	NIC266	13	118	133	115	53	32	14	478	0	minus
B10	2	NIC266	30	105	125	119	34	14	NA	427	1	minus
B11	2	NIC266	24	112	154	47	0	0	0	337	0	minus
B12	2	NIC266	27	117	133	86	11	14	NA	388	1	minus
B13	2	NIC266	27	6	16	40	53	57	14	213	0	minus
B14	2	NIC266	20	93	NA	NA	NA	NA	NA	113	1	minus
B15	2	NIC266	33	99	123	66	19	5	0	345	0	minus
B16	2	NIC266	42	104	143	91	29	21	NA	430	1	minus
B17	2	NIC266	39	23	12	11	NA	NA	NA	85	1	minus
B18	2	NIC266	32	128	125	109	61	13	7	475	0	minus
B19	2	NIC266	10	108	153	126	62	6	1	466	0	minus
B20	2	NIC266	33	96	102	107	31	8	13	390	1	minus
A1	3	ED3017	64	12	137	122	126	52	32	545	1	plus
A2	3	ED3017	10	93	108	113	69	1	0	394	0	plus
A3	3	ED3017	1	86	132	129	48	1	0	397	0	plus
A4	3	ED3017	3	93	116	40	26	14	9	301	1	plus
A5	3	ED3017	13	96	154	117	31	10	2	423	1	plus
A6	3	ED3017	9	77	110	152	151	63	6	568	0	plus
A7	3	ED3017	6	72	107	49	5	0	0	239	0	plus
A8	3	ED3017	5	93	132	45	1	0	0	276	0	plus
A9	3	ED3017	3	76	112	64	14	1	0	270	0	plus
A10	3	ED3017	NA	NA	NA	NA	NA	NA	NA	0	1	plus
A11	3	ED3017	17	104	136	132	81	51	25	546	1	plus
A12	3	ED3017	6	69	124	113	43	1	0	356	0	plus
A13	3	ED3017	8	79	121	113	80	22	0	423	0	plus
A14	3	ED3017	13	105	142	144	66	4	NA	474	1	plus
A15	3	ED3017	25	104	129	125	67	16	15	481	0	plus
A16	3	ED3017	2	83	128	117	103	44	1	478	0	plus
A17	3	ED3017	17	100	127	125	110	59	43	581	0	plus
A18	3	ED3017	7	54	123	137	48	1	0	370	0	plus
A19	3	ED3017	2	0	NA	NA	NA	NA	NA	2	1	plus
A20	3	ED3017	19	102	128	40	0	0	0	289	0	plus
B1	3	MY920	6	91	132	77	7	0	0	313	0	minus
B2	3	MY920	NA	NA	NA	NA	NA	NA	NA	0	1	minus
B3	3	MY920	NA	NA	NA	NA	NA	NA	NA	0	1	minus
B4	3	MY920	2	70	47	14	0	0	0	133	0	minus
B5	3	MY920	0	0	0	0	0	0	0	0	1	minus
B6	3	MY920	NA	NA	NA	NA	NA	NA	NA	0	1	minus
B7	3	MY920	52	19	143	29	0	0	0	243	0	minus
B8	3	MY920	2	71	96	57	20	3	0	249	0	minus
B9	3	MY920	1	116	83	1	0	0	0	201	0	minus
B10	3	MY920	5	87	145	107	44	12	5	405	0	minus
B11	3	MY920	3	83	144	136	25	13	4	408	1	minus
B12	3	MY920	8	75	125	56	10	0	0	274	0	minus
B13	3	MY920	15	109	93	3	0	0	0	220	0	minus
B14	3	MY920	0	0	0	0	0	0	0	0	1	minus
B15	3	MY920	63	15	123	135	85	56	37	514	1	minus
B16	3	MY920	1	67	58	1	0	0	0	127	0	minus
B17	3	MY920	6	41	1	0	0	0	0	48	0	minus
B18	3	MY920	0	0	0	0	0	0	0	0	1	minus
B19	3	MY920	NA	NA	NA	NA	NA	NA	NA	0	1	minus
B20	3	MY920	4	92	79	3	0	0	0	178	0	minus
A1	3	EG4725	33	111	71	62	40	22	0	339	0	plus
A2	3	EG4725	23	105	126	52	7	0	0	313	0	plus
A3	3	EG4725	26	116	139	37	22	3	0	343	0	plus
A4	3	EG4725	14	124	151	161	121	31	5	607	0	plus
A5	3	EG4725	17	1	0	0	0	0	0	18	0	plus
A6	3	EG4725	43	147	60	0	0	0	0	250	0	plus
A7	3	EG4725	10	104	85	22	0	0	0	221	0	plus
A8	3	EG4725	NA	NA	NA	NA	NA	NA	NA	0	1	plus
A9	3	EG4725	23	119	142	114	36	25	5	464	0	plus
A10	3	EG4725	41	116	93	110	25	8	9	402	0	plus
A11	3	EG4725	24	121	47	1	0	0	0	193	0	plus
A12	3	EG4725	31	122	171	39	2	0	0	365	0	plus
A13	3	EG4725	29	140	93	0	0	0	0	262	0	plus
A14	3	EG4725	12	108	128	93	58	23	0	422	1	plus
A15	3	EG4725	12	117	132	85	28	11	10	395	1	plus
A16	3	EG4725	13	124	122	18	0	0	0	277	0	plus
A17	3	EG4725	NA	NA	NA	NA	NA	NA	NA	0	1	plus
A18	3	EG4725	4	111	136	86	21	11	0	369	0	plus
A19	3	EG4725	14	93	124	21	0	0	0	252	0	plus
A20	3	EG4725	11	128	140	131	51	35	16	512	0	plus
B1	3	NIC266	16	96	5	0	0	0	0	117	0	minus
B2	3	NIC266	12	120	156	142	35	17	NA	482	1	minus
B3	3	NIC266	20	114	123	49	23	13	0	342	0	minus
B4	3	NIC266	NA	NA	NA	NA	NA	NA	NA	0	1	minus
B5	3	NIC266	4	112	56	118	94	21	14	419	0	minus
B6	3	NIC266	5	124	127	54	8	NA	NA	318	1	minus
B7	3	NIC266	4	126	134	95	3	1	0	363	0	minus
B8	3	NIC266	12	110	134	101	20	7	1	385	0	minus
B9	3	NIC266	33	118	96	66	31	30	NA	374	1	minus
B10	3	NIC266	11	125	109	43	27	7	0	322	0	minus
B11	3	NIC266	23	99	4	0	0	0	0	126	0	minus
B12	3	NIC266	37	126	137	141	50	23	2	516	1	minus
B13	3	NIC266	6	27	NA	NA	NA	NA	NA	33	1	minus
B14	3	NIC266	11	10	2	0	0	0	0	23	0	minus
B15	3	NIC266	NA	NA	NA	NA	NA	NA	NA	0	1	minus
B16	3	NIC266	NA	NA	NA	NA	NA	NA	NA	0	1	minus
B17	3	NIC266	NA	NA	NA	NA	NA	NA	NA	0	1	minus
B18	3	NIC266	22	125	57	6	0	0	0	210	0	minus
B19	3	NIC266	25	129	121	28	0	0	0	303	0	minus
B20	3	NIC266	10	102	134	36	9	0	0	291	0	minus
A1	3	JT11398	NA	NA	NA	NA	NA	NA	NA	0	1	minus
A2	3	JT11398	NA	NA	NA	NA	NA	NA	NA	0	1	minus
A3	3	JT11398	17	37	1	0	0	0	0	55	0	minus
A4	3	JT11398	71	24	146	19	0	0	0	260	0	minus
A5	3	JT11398	12	119	58	0	0	0	0	189	0	minus
A6	3	JT11398	23	86	2	0	0	0	0	111	0	minus
A7	3	JT11398	1	100	19	0	0	0	0	120	0	minus
A8	3	JT11398	16	72	4	0	0	0	0	92	0	minus
A9	3	JT11398	7	106	7	0	0	0	0	120	0	minus
A10	3	JT11398	NA	NA	NA	NA	NA	NA	NA	0	1	minus
A11	3	JT11398	14	8	0	0	0	0	0	22	0	minus
A12	3	JT11398	9	127	60	2	0	0	0	198	0	minus
A13	3	JT11398	51	14	128	135	130	18	2	478	0	minus
A14	3	JT11398	20	76	2	0	0	0	0	98	0	minus
A15	3	JT11398	27	22	134	99	10	0	NA	292	1	minus
A16	3	JT11398	NA	NA	NA	NA	NA	NA	NA	0	1	minus
A17	3	JT11398	3	84	1	0	0	0	0	88	0	minus
A18	3	JT11398	NA	NA	NA	NA	NA	NA	NA	0	1	minus
A19	3	JT11398	9	103	129	85	8	0	0	334	0	minus
A20	3	JT11398	14	86	24	1	0	0	0	125	0	minus
B1	3	JU346	9	98	126	130	11	0	0	374	0	plus
B2	3	JU346	43	18	96	140	110	6	1	414	0	plus
B3	3	JU346	NA	NA	NA	NA	NA	NA	NA	0	1	plus
B4	3	JU346	2	124	126	9	0	0	0	261	0	plus
B5	3	JU346	47	27	144	118	1	0	0	337	0	plus
B6	3	JU346	NA	NA	NA	NA	NA	NA	NA	0	1	plus
B7	3	JU346	7	121	86	44	16	1	0	275	0	plus
B8	3	JU346	1	126	106	7	0	0	0	240	0	plus
B9	3	JU346	20	19	120	160	52	17	NA	388	1	plus
B10	3	JU346	28	18	117	158	104	13	9	447	1	plus
B11	3	JU346	38	15	100	98	2	26	0	279	0	plus
B12	3	JU346	63	26	120	153	106	0	10	478	0	plus
B13	3	JU346	12	99	72	19	0	0	0	202	0	plus
B14	3	JU346	40	30	95	54	0	0	1	220	0	plus
B15	3	JU346	NA	NA	NA	NA	NA	NA	NA	0	1	plus
B16	3	JU346	48	23	115	156	131	41	20	534	1	plus
B17	3	JU346	35	18	135	153	25	40	17	423	1	plus
B18	3	JU346	0	0	0	0	0	0	0	0	1	plus
B19	3	JU346	NA	NA	NA	NA	NA	NA	NA	0	1	plus
B20	3	JU346	NA	NA	NA	NA	NA	NA	NA	0	1	plus