Pad ID	Male	Female	Plug	Sperm Present	In spermathecae	In uterus	In plug
A	QX1539	1	1	1	1	1	0
A	QX1539	2	1	1	1	1	0
A	QX1539	3	1	1	1	1	1
A	QX1539	4	1	1	1	0	0
A	QX1539	5	1	1	1	1	0
A	QX1539	6	1	1	1	0	0
A	QX1539	7	1	1	1	0	0
A	QX1539	8	1	1	1	1	0
A	QX1539	9	1	1	1	0	0
A	QX1539	10	1	1	1	0	0
A	QX1539	11	1	1	1	1	0
A	QX1539	12	1	1	1	1	0
A	QX1539	13	1	1	1	1	0
A	QX1539	14	0	0	0	0	0
A	QX1539	15	1	1	1	1	0
A	QX1539	16	1	1	1	1	0
A	QX1539	17	1	1	1	1	0
A	QX1539	18	1	1	1	1	0
A	QX1539	19	1	1	1	1	0
A	QX1539	20	1	1	1	1	1
A	QX1539	21	1	1	1	1	1
A	QX1539	22	1	1	1	1	0
A	QX1539	23	1	1	1	1	0
A	QX1539	24	1	1	1	1	0
A	QX1539	25	1	1	1	1	1
A	QX1539	26	1	1	1	1	0
A	QX1539	27	1	1	1	1	0
A	QX1539	28	1	1	1	1	0
A	QX1539	29	1	1	1	1	0
A	QX1539	30	1	1	1	1	0
A	QX1539	31	1	1	1	1	0
A	QX1539	32	1	1	1	1	0
A	QX1539	33	1	1	1	0	0
A	QX1539	34	1	1	1	1	0
A	QX1539	35	1	1	1	1	0
A	QX1539	36	1	1	1	1	0
B	QX1557	1	1	1	1	1	0
B	QX1557	2	1	1	1	0	0
B	QX1557	3	1	1	1	1	0
B	QX1557	4	1	1	1	1	0
B	QX1557	5	1	1	1	1	1
B	QX1557	6	1	1	1	1	1
B	QX1557	7	1	1	1	1	1
B	QX1557	8	1	1	1	1	1
B	QX1557	9	1	1	1	1	0
B	QX1557	10	1	1	1	1	1
B	QX1557	11	1	1	1	1	0
B	QX1557	12	1	1	1	1	0
B	QX1557	13	1	1	1	1	0
B	QX1557	14	1	1	1	1	0
B	QX1557	15	1	1	1	1	1
B	QX1557	16	1	1	1	1	0
B	QX1557	17	1	1	1	1	0
B	QX1557	18	1	1	1	1	0
B	QX1557	19	1	1	1	1	0
B	QX1557	20	1	0	0	0	0
B	QX1557	21	1	1	1	1	0
B	QX1557	22	1	1	1	1	1
B	QX1557	23	1	1	1	1	0
B	QX1557	24	1	1	1	1	0
B	QX1557	25	1	1	1	1	1
B	QX1557	26	1	1	1	1	0
B	QX1557	27	1	1	1	1	0
B	QX1557	28	1	1	1	1	1
B	QX1557	29	1	1	1	1	0
B	QX1557	30	1	1	1	1	1
B	QX1557	31	1	1	1	1	0
B	QX1557	32	1	1	1	1	0
B	QX1557	33	1	1	1	1	0
B	QX1557	34	1	1	1	1	1
B	QX1557	35	1	1	1	1	1
B	QX1557	36	1	1	1	1	0
C	BW-1	1	1	1	1	1	0
C	BW-1	2	1	1	1	1	0
C	BW-1	3	1	1	1	1	0
C	BW-1	4	1	1	1	1	0
C	BW-1	5	1	1	1	1	0
C	BW-1	6	1	1	1	1	1
C	BW-1	7	1	1	1	1	0
C	BW-1	8	1	1	1	1	0
C	BW-1	9	1	1	1	0	0
C	BW-1	10	1	1	1	1	1
C	BW-1	11	1	1	1	1	0
C	BW-1	12	1	1	1	0	0
C	BW-1	13	1	1	1	1	0
C	BW-1	14	1	1	1	1	0
C	BW-1	15	1	1	1	1	0
C	BW-1	16	1	1	1	1	0
C	BW-1	17	1	1	1	1	0
C	BW-1	18	1	1	1	1	0
C	BW-1	19	0	1	0	1	0
C	BW-1	20	1	1	1	1	0
C	BW-1	21	1	1	1	1	0
C	BW-1	22	1	1	1	1	0
C	BW-1	23	1	1	1	1	0
C	BW-1	24	1	1	1	1	0
C	BW-1	25	1	1	1	1	0
C	BW-1	26	1	1	1	1	0
C	BW-1	27	1	1	1	1	0
C	BW-1	28	1	1	1	1	0
C	BW-1	29	1	1	1	1	0
C	BW-1	30	1	1	1	1	0
C	BW-1	31	1	1	1	1	1
C	BW-1	32	1	1	1	1	0
C	BW-1	33	1	1	1	0	0
C	BW-1	34	1	1	1	1	1
C	BW-1	35	1	1	1	1	0
C	BW-1	36	1	1	1	1	0